data_timestamp;rr;sd;tp;vl;lf;hf;lf%;hf%;var;low_high_ratio;wl

00:00:30;1056;36.8;1637;1198;344;72;78.4;16.4;1349.5;477.8;3000
00:03:00;1045;37.4;978;702;195;65;70.7;23.6;1393.9;300;3000
00:05:30;1036;41.2;1699;1186;409;76;79.7;14.8;1691.6;538.2;3000
00:08:00;1030;44.4;1860;1440;292;98;69.5;23.3;1964.6;298;3000
00:10:30;1032;38.9;1303;827;343;104;72.1;21.8;1508;329.8;3000
00:13:00;1040;36.2;1167;602;409;121;72.4;21.4;1305.9;338;3000
00:15:30;1035;38.2;1261;916;189;124;54.8;35.9;1454.2;152.4;3000
00:18:00;1034;41.9;2181;1795;290;68;75.1;17.6;1749.6;426.5;3000
00:20:30;1044;30.7;801;579;148;60;66.7;27;939.2;246.7;3000
00:23:00;1029;24.8;456;389;31;26;46.3;38.8;612.9;119.2;3000
00:25:30;1007;21.4;211;132;44;27;55.7;34.2;456.4;163;3000
00:28:00;972;33.7;1414;1289;96;20;76.8;16;1132;480;3000
00:30:30;971;30.8;402;282;76;33;63.3;27.5;945.6;230.3;3000
00:33:00;988;20.8;428;334;58;26;61.7;27.7;431.2;223.1;3000
00:35:30;1004;30.1;557;405;103;38;67.8;25;903;271.1;3000
00:38:00;1016;19.6;184;125;30;21;50.8;35.6;382.9;142.9;3000
00:40:30;1000;16.5;192;143;29;14;59.2;28.6;271.3;207.1;3000
00:43:00;1005;19.9;308;234;50;18;67.6;24.3;394.7;277.8;3000
00:45:30;1007;19.4;259;211;28;15;58.3;31.3;375.1;186.7;3000
00:48:00;997;40.3;2752;2536;162;43;75;19.9;1618.8;376.7;3000
00:50:30;994;50.7;1741;1316;313;81;73.6;19.1;2562.1;386.4;3000
00:53:00;998;26.9;730;530;106;67;53;33.5;721.2;158.2;3000
00:55:30;989;23.7;597;429;92;58;54.8;34.5;559.8;158.6;3000
00:58:00;986;20.4;223;130;24;55;25.8;59.1;414.8;43.6;3000
01:00:30;1006;29.6;1117;901;110;86;50.9;39.8;873.2;127.9;3000
01:03:00;1024;25.6;549;391;31;104;19.6;65.8;653.1;29.8;3000
01:05:30;1018;25.5;722;552;41;106;24.1;62.4;648.1;38.7;3000
01:08:00;1018;25.3;306;110;60;110;30.6;56.1;637.9;54.5;3000
01:10:30;1029;24.2;827;590;115;98;48.5;41.4;583.7;117.3;3000
01:13:00;1039;20.2;341;171;45;99;26.5;58.2;406.6;45.5;3000
01:15:30;972;93.2;6348;5942;111;234;27.3;57.6;8658.3;47.4;3000
01:18:00;900;87.3;2979;2549;262;102;60.9;23.7;7598.5;256.9;3000
01:20:30;919;71.3;5855;5460;193;106;48.9;26.8;5068.2;182.1;3000
01:23:00;978;47.7;727;593;50;49;37.3;36.6;2267.9;102;3000
01:25:30;1023;21.8;328;205;44;62;35.8;50.4;473.6;71;3000
01:28:00;1037;18.1;215;97;39;62;33.1;52.5;326.5;62.9;3000
01:30:30;1042;21;843;704;55;65;39.6;46.8;439.5;84.6;3000
01:33:00;1060;24.2;360;251;47;51;43.1;46.8;583.6;92.2;3000
01:35:30;1081;22.9;533;362;124;39;72.5;22.8;522.5;317.9;3000
01:38:00;1082;30.8;933;605;279;40;85.1;12.2;945.3;697.5;3000
01:40:30;1076;31.1;690;323;302;54;82.3;14.7;963.8;559.3;3000
01:43:00;1085;26.8;623;375;195;43;78.6;17.3;715.7;453.5;3000
01:45:30;1094;22.5;391;117;213;49;77.7;17.9;504.4;434.7;3000
01:48:00;1094;25.3;1064;717;278;58;80.1;16.7;637.8;479.3;3000
01:50:30;1059;63.8;2006;1574;352;63;81.5;14.6;4056.2;558.7;3000
01:53:00;1035;56.9;3621;3205;332;50;79.8;12;3226.5;664;3000
01:55:30;1058;38.9;1036;764;179;72;65.8;26.5;1507.9;248.6;3000
01:58:00;1084;31.7;745;453;205;69;70.2;23.6;1001.3;297.1;3000
02:00:30;1097;28.1;585;396;105;67;55.6;35.4;786.7;156.7;3000
02:03:00;1109;35.5;1243;786;349;85;76.4;18.6;1255.6;410.6;3000
02:05:30;1121;37.4;1091;560;404;105;76.1;19.8;1393.6;384.8;3000
02:08:00;1123;32.2;1184;747;337;83;77.1;19;1033;406;3000
02:10:30;1121;24.3;437;243;99;76;51;39.2;588.3;130.3;3000
02:13:00;1116;25.3;474;243;133;81;57.6;35.1;637.7;164.2;3000
02:15:30;1097;31.4;661;373;181;88;62.8;30.6;982.4;205.7;3000
02:18:00;1084;34;1168;891;153;103;55.2;37.2;1151.9;148.5;3000
02:20:30;1068;39;1440;892;369;153;67.3;27.9;1515.6;241.2;3000
02:23:00;1066;33.7;932;713;141;60;64.4;27.4;1131.7;235;3000
02:25:30;1071;27.4;492;343;48;83;32.2;55.7;748.1;57.8;3000
02:28:00;1066;34.7;1229;908;234;71;72.9;22.1;1199.8;329.6;3000
02:30:30;1079;38.1;1404;1054;280;58;80;16.6;1446.4;482.8;3000
02:33:00;1073;31.9;652;449;129;63;63.5;31;1014;204.8;3000
02:35:30;1055;19.5;196;113;29;44;34.9;53;378.9;65.9;3000
02:38:00;1048;17.6;254;178;15;49;19.7;64.5;308.7;30.6;3000
02:40:30;1061;22;391;318;13;47;17.8;64.4;482.3;27.7;3000
02:43:00;1083;19.3;379;213;83;68;50;41;371.2;122.1;3000
02:45:30;1082;22.5;387;224;88;63;54;38.7;504.4;139.7;3000
02:48:00;1072;18.9;297;195;32;58;31.4;56.9;355.9;55.2;3000
02:50:30;1061;23.2;636;525;42;56;37.8;50.5;536.3;75;3000
02:53:00;1053;26.8;622;405;113;84;52.1;38.7;715.7;134.5;3000
02:55:30;1048;25.5;439;305;56;64;41.8;47.8;648;87.5;3000
02:58:00;1048;23.9;424;297;33;76;26;59.8;569.2;43.4;3000
03:00:30;1059;25.9;594;385;106;85;50.7;40.7;668.5;124.7;3000
03:03:00;1065;22.3;476;253;131;75;58.7;33.6;495.5;174.7;3000
03:05:30;1066;23.8;504;295;126;65;60.3;31.1;564.4;193.8;3000
03:08:00;1071;25.5;605;383;136;69;61.3;31.1;647.9;197.1;3000
03:10:30;1073;22.2;427;233;108;69;55.7;35.6;491.1;156.5;3000
03:13:00;1070;21;426;180;176;59;71.5;24;439.4;298.3;3000
03:15:30;1077;20.5;282;130;69;65;45.4;42.8;418.7;106.2;3000
03:18:00;1078;20.2;376;211;86;64;52.1;38.8;406.6;134.4;3000
03:20:30;1074;20.9;288;67;116;83;52.5;37.6;435.2;139.8;3000
03:23:00;1083;24.3;485;243;102;110;42.1;45.5;588.4;92.7;3000
03:25:30;1085;22.7;359;159;113;67;56.5;33.5;513.4;168.7;3000
03:28:00;1087;21.5;356;133;132;73;59.2;32.7;460.6;180.8;3000
03:30:30;1090;21.5;331;152;104;61;58.1;34.1;460.6;170.5;3000
03:33:00;1086;22.3;368;174;109;68;56.2;35.1;495.5;160.3;3000
03:35:30;1088;25.3;865;495;292;64;78.9;17.3;637.8;456.3;3000
03:38:00;1094;24.5;330;147;108;60;59;32.8;598.1;180;3000
03:40:30;1096;26.3;939;610;243;69;73.9;21;689.2;352.2;3000
03:43:00;1032;89.1;6781;6482;195;77;65.2;25.8;7911.6;253.2;3000
03:45:30;991;70.4;2168;1769;300;69;75.2;17.3;4939.9;434.8;3000
03:48:00;1020;43.3;1672;1112;281;200;50.2;35.7;1868.6;140.5;3000
03:50:30;1049;37.1;1099;783;82;166;25.9;52.5;1371.6;49.4;3000
03:53:00;1069;28.6;799;519;108;104;38.6;37.1;815.1;103.8;3000
03:55:30;1075;23.8;400;208;38;120;19.8;62.5;564.4;31.7;3000
03:58:00;1073;23.2;370;144;40;151;17.7;66.8;536.3;26.5;3000
04:00:30;1072;21.1;348;95;95;118;37.5;46.6;443.6;80.5;3000
04:03:00;1068;19.4;255;51;40;134;19.6;65.7;375;29.9;3000
04:05:30;1066;20;337;148;25;130;13.2;68.8;398.6;19.2;3000
04:08:00;1065;21.6;322;123;29;132;14.6;66.3;464.9;22;3000
04:10:30;1066;21.7;419;211;39;134;18.8;64.4;469.2;29.1;3000
04:13:00;1067;22.6;659;497;34;98;21;60.5;509;34.7;3000
04:15:30;1074;25.3;624;421;73;108;36;53.2;637.8;67.6;3000
04:18:00;1077;23.5;402;238;59;86;36;52.4;550.3;68.6;3000
04:20:30;1071;20;328;155;45;104;26;60.1;398.6;43.3;3000
04:23:00;1077;19.8;285;127;24;112;15.2;70.9;390.6;21.4;3000
04:25:30;1077;22.3;391;211;55;103;30.6;57.2;495.5;53.4;3000
04:28:00;1077;20.5;377;230;24;104;16.3;70.7;418.8;23.1;3000
04:30:30;1050;40;3577;3216;201;123;55.7;34.1;1594.5;163.4;3000
04:33:00;1045;37.9;1090;774;219;75;69.3;23.7;1431.5;292;3000
04:35:30;1051;37.8;1173;835;224;97;66.3;28.7;1423.9;230.9;3000
04:38:00;1013;49;1686;1273;339;59;82.1;14.3;2392.9;574.6;3000
04:40:30;1008;52.6;5669;5230;345;71;78.6;16.2;2757.6;485.9;3000
04:43:00;1012;38.6;672;565;23;70;21.5;65.4;1485;32.9;3000
04:45:30;984;20.8;314;239;25;39;33.3;52;431.2;64.1;3000
04:48:00;998;34.7;1333;993;265;62;77.9;18.2;1200.1;427.4;3000
04:50:30;1025;18.5;219;120;32;54;32.3;54.5;341.1;59.3;3000
04:53:00;1028;25.5;1424;1214;138;55;65.7;26.2;648.1;250.9;3000
04:55:30;1024;39.8;1244;1043;108;77;53.7;38.3;1578.7;140.3;3000
04:58:00;1021;47.1;2289;1994;223;60;75.6;20.3;2211;371.7;3000
05:00:30;1041;39.1;1813;1572;143;80;59.3;33.2;1523.6;178.8;3000
05:03:00;1046;24.1;440;287;45;89;29.4;58.2;578.8;50.6;3000
05:05:30;1050;21.2;295;210;17;52;20;61.2;447.9;32.7;3000
05:08:00;1061;19.1;278;111;48;96;28.7;57.5;363.5;50;3000
05:10:30;1064;23.2;750;510;145;80;60.4;33.3;536.4;181.3;3000
05:13:00;1070;28.2;552;384;52;95;31;56.5;792.4;54.7;3000
05:15:30;1073;26.5;839;594;109;115;44.5;46.9;699.8;94.8;3000
05:18:00;1049;33.4;1300;1160;61;62;43.6;44.3;1111.7;98.4;3000
05:20:30;1038;27;404;310;27;55;28.7;58.5;726.5;49.1;3000
05:23:00;970;138;3153;3009;70;59;48.6;41;18983;118.6;3000
05:25:30;812;138.4;15852;15570;195;38;69.1;13.5;19102.9;513.2;3000
05:28:00;779;56.3;1963;1529;361;49;83.2;11.3;3161.5;736.7;3000
05:30:30;828;48.4;1384;1164;163;42;74.1;19.1;2336.1;388.1;3000
05:33:00;852;53.6;2572;2053;365;94;70.3;18.1;2864.8;388.3;3000
05:35:30;879;36.5;924;638;88;107;30.8;37.4;1328.4;82.2;3000
05:38:00;901;42.7;1801;1196;425;103;70.2;17;1817.8;412.6;3000
05:40:30;936;31.7;508;331;88;57;49.7;32.2;1001.8;154.4;3000
05:43:00;962;25.1;745;475;180;57;66.7;21.1;628;315.8;3000
05:45:30;980;22.8;362;230;98;23;74.2;17.4;518.2;426.1;3000
05:48:00;981;23;525;421;78;19;75;18.3;527.3;410.5;3000
05:50:30;977;18.2;297;168;101;20;78.3;15.5;330.2;505;3000
05:53:00;980;20.7;291;133;132;18;83.5;11.4;427.1;733.3;3000
05:55:30;978;23.1;555;319;193;27;81.8;11.4;531.9;714.8;3000
05:58:00;979;23.6;556;314;183;39;75.6;16.1;555.2;469.2;3000
06:00:30;986;21.9;329;187;66;48;46.5;33.8;478;137.5;3000
06:03:00;977;27.3;613;428;103;61;55.7;33;742.9;168.9;3000
06:05:30;987;43.1;1965;1742;171;41;76.7;18.4;1851.5;417.1;3000
06:08:00;1010;31.4;658;572;44;31;51.2;36;982.7;141.9;3000
06:10:30;964;61.1;6684;5923;631;74;82.9;9.7;3721.4;852.7;3000
06:13:00;859;95.1;6626;6224;195;142;48.5;35.3;9018.3;137.3;3000
06:15:30;756;59;1558;1411;81;33;55.1;22.4;3472.3;245.5;3000
06:18:00;720;21.9;549;423;58;34;46;27;478.5;170.6;3000
06:20:30;724;24.4;433;354;37;21;46.8;26.6;593.9;176.2;3000
06:23:00;727;29.6;1461;1250;142;29;67.3;13.7;874.1;489.7;3000
06:25:30;716;27.5;618;476;42;27;29.6;19;754.4;155.6;3000
06:28:00;719;24.5;350;169;75;45;41.4;24.9;598.8;166.7;3000
06:30:30;723;18.7;366;234;39;26;29.5;19.7;348.9;150;3000
06:33:00;720;22;451;179;75;79;27.6;29;482.8;94.9;3000
06:35:30;723;23.6;529;307;124;45;55.9;20.3;555.6;275.6;3000
06:38:00;727;23.3;528;210;145;76;45.6;23.9;541.6;190.8;3000
06:40:30;726;21.9;461;166;87;63;29.5;21.4;478.5;138.1;3000
06:43:00;739;32.1;930;755;75;42;42.9;24;1027.9;178.6;3000
06:45:30;744;33.9;1092;727;140;90;38.4;24.7;1146.4;155.6;3000
06:48:00;735;29;676;293;139;91;36.3;23.8;838.9;152.7;3000
06:50:30;736;40.7;1389;983;105;100;25.9;24.6;1652.5;105;3000
06:53:00;773;58.7;1812;1637;91;40;52;22.9;3436.9;227.5;3000
06:55:30;805;24.7;573;423;98;29;65.3;19.3;608.5;337.9;3000
06:58:00;794;23.7;445;247;121;40;61.1;20.2;560.2;302.5;3000
07:00:30;755;67.1;2361;2152;90;74;43.1;35.4;4491.2;121.6;3000
07:03:00;693;57.6;1873;1443;120;69;27.9;16;3310.2;173.9;3000
07:05:30;665;26.8;626;207;71;113;16.9;27;716.7;62.8;3000
07:08:00;675;30;744;391;71;75;20.1;21.2;898;94.7;3000
07:10:30;691;31.5;892;460;62;97;14.4;22.5;990;63.9;3000
07:13:00;685;34.4;992;523;61;86;13;18.3;1180.7;70.9;3000
07:15:30;677;30.6;800;198;56;88;9.3;14.6;934.3;63.6;3000
07:18:00;688;32.3;586;216;96;76;25.9;20.5;1040.9;126.3;3000
07:20:30;734;46.8;1398;943;132;143;29;31.4;2184.9;92.3;3000
07:23:00;784;29.4;718;275;139;129;31.4;29.1;862.1;107.8;3000
07:25:30;785;29.9;754;317;127;156;29.1;35.7;891.7;81.4;3000
07:28:00;776;29.8;902;346;170;167;30.6;30;885.8;101.8;3000
07:30:30;783;36.5;765;256;156;179;30.6;35.2;1328.8;87.2;3000
07:33:00;804;38;1276;918;119;115;33.2;32.1;1440.1;103.5;3000
07:35:30;806;28.6;778;493;121;76;42.5;26.7;815.8;159.2;3000
07:38:00;779;38.7;569;335;111;40;47.4;17.1;1493.8;277.5;3000
07:40:30;744;46.8;2514;2055;87;125;19;27.2;2184.8;69.6;3000
07:43:00;715;32.1;668;388;80;56;28.6;20;1028;142.9;3000
07:45:30;697;28.9;603;279;63;67;19.4;20.7;833.3;94;3000
07:48:00;689;28.2;845;534;71;65;22.8;20.9;793.4;109.2;3000
07:50:30;688;27.5;613;200;104;104;25.2;25.2;754.5;100;3000
07:53:00;684;31.3;900;443;69;130;15.1;28.4;977.5;53.1;3000
07:55:30;669;37.2;1362;1055;33;68;10.7;22.1;1380.8;48.5;3000
07:58:00;671;36.1;576;278;65;76;21.8;25.5;1300.3;85.5;3000
08:00:30;695;24.3;474;220;89;66;35;26;589.1;134.8;3000
08:03:00;694;25.5;760;494;80;60;30.1;22.6;648.8;133.3;3000
08:05:30;699;32.9;1003;583;45;129;10.7;30.7;1079.9;34.9;3000
08:08:00;729;39.5;1395;960;123;106;28.3;24.4;1556.5;116;3000
08:10:30;751;35.1;864;372;59;163;12;33.1;1228.9;36.2;3000
08:13:00;766;30.4;837;376;110;153;23.9;33.2;921.8;71.9;3000
08:15:30;763;30.4;791;401;46;195;11.8;50;921.8;23.6;3000
08:18:00;755;27.2;671;160;49;189;9.6;37;738;25.9;3000
08:20:30;734;44.9;1136;694;84;170;19;38.5;2011.1;49.4;3000
08:23:00;694;44.4;1120;687;124;104;28.6;24;1966.8;119.2;3000
08:25:30;677;28.1;531;253;64;62;23;22.3;787.8;103.2;3000
08:28:00;684;23.7;533;190;88;72;25.7;21;560.4;122.2;3000
08:30:30;692;34.1;979;547;112;132;25.9;30.6;1160.1;84.8;3000
08:33:00;680;34.4;843;631;66;46;31.1;21.7;1180.7;143.5;3000
08:35:30;688;36.8;1231;858;137;102;36.7;27.3;1351.2;134.3;3000
08:38:00;718;38.6;688;273;82;128;19.8;30.8;1486.4;64.1;3000
08:40:30;752;37.7;1288;884;86;159;21.3;39.4;1417.7;54.1;3000
08:43:00;777;27.9;628;291;61;137;18.1;40.7;776.4;44.5;3000
08:45:30;779;28.7;689;205;144;213;29.8;44;821.6;67.6;3000
08:48:00;750;54.4;3101;2727;165;94;44.1;25.1;2952;175.5;3000
08:50:30;751;55.9;1772;1227;168;128;30.8;23.5;3117;131.3;3000
08:53:00;787;22.5;439;157;54;141;19.1;50;504.9;38.3;3000
08:55:30;792;24.6;666;176;285;114;58.2;23.3;603.6;250;3000
08:58:00;789;31.5;752;343;205;116;50.1;28.4;989.7;176.7;3000
09:00:30;782;30.2;999;472;216;160;41;30.4;909.7;135;3000
09:03:00;775;28.5;707;374;200;66;60.1;19.8;810.2;303;3000
09:05:30;762;36.6;916;556;167;82;46.4;22.8;1336.2;203.7;3000
09:08:00;771;38.9;2013;1518;228;99;46.1;20;1509.3;230.3;3000
09:10:30;794;26.5;567;443;57;43;46;34.7;700.4;132.6;3000
09:13:00;788;28.9;832;436;113;114;28.5;28.8;833;99.1;3000
09:15:30;781;26.3;620;234;75;135;19.4;35;689.9;55.6;3000
09:18:00;787;20.3;260;110;68;48;45.3;32;411;141.7;3000
09:20:30;795;24;588;247;145;110;42.5;32.3;574.5;131.8;3000
09:23:00;795;23.8;335;119;73;85;33.8;39.4;564.9;85.9;3000
09:25:30;798;24.5;525;258;99;59;37.1;22.1;598.7;167.8;3000
09:28:00;805;27.7;861;573;138;88;47.9;30.6;765.2;156.8;3000
09:30:30;799;26.7;570;365;114;51;55.6;24.9;711;223.5;3000
09:33:00;756;69;2151;1911;146;54;60.8;22.5;4749.1;270.4;3000
09:35:30;710;57.4;2680;2273;113;96;27.8;23.6;3287;117.7;3000
09:38:00;702;28.1;482;143;101;91;29.8;26.8;787.8;111;3000
09:40:30;714;29;656;327;48;88;14.6;26.7;839;54.5;3000
09:43:00;734;28.1;609;372;72;81;30.4;34.2;787.7;88.9;3000
09:45:30;705;49;1466;1051;153;71;36.9;17.1;2395.4;215.5;3000
09:48:00;663;36.3;958;606;83;70;23.6;19.9;1314.8;118.6;3000
09:50:30;673;33;720;387;59;108;17.7;32.4;1086.6;54.6;3000
09:53:00;690;25.7;555;218;63;74;18.7;22;659;85.1;3000
09:55:30;636;56;1628;1395;35;56;15;24;3129.4;62.5;3000
09:58:00;577;25.6;384;97;6;38;2.1;13.2;654.1;15.8;3000
10:00:30;593;38.1;907;536;48;58;12.9;15.6;1448.8;82.8;3000
10:03:00;641;33.4;592;429;49;32;30.1;19.6;1113.2;153.1;3000
10:05:30;670;25.7;597;418;70;37;39.1;20.7;659;189.2;3000
10:08:00;684;46.2;1837;1515;50;91;15.5;28.3;2129.6;54.9;3000
10:10:30;731;67.9;1496;1049;196;112;43.8;25.1;4599.2;175;3000
10:13:00;768;59.6;1459;1020;126;164;28.7;37.4;3543.1;76.8;3000
10:15:30;744;58.4;3514;3250;53;74;20.1;28;3402.2;71.6;3000
10:18:00;729;33.9;1202;886;133;67;42.1;21.2;1146.4;198.5;3000
10:20:30;699;48.6;1454;947;124;126;24.5;24.9;2356.5;98.4;3000
10:23:00;669;36.8;1163;620;98;84;18;15.5;1351.2;116.7;3000
10:25:30;676;33.2;1211;748;88;92;19;19.9;1099.8;95.7;3000
10:28:00;701;36.3;986;695;60;60;20.6;20.6;1314.6;100;3000
10:30:30;729;32.5;715;353;60;135;16.6;37.3;1053.7;44.4;3000
10:33:00;733;27;713;443;143;71;53;26.3;727.2;201.4;3000
10:35:30;717;23;460;218;88;65;36.4;26.9;527.7;135.4;3000
10:38:00;720;23.3;356;200;44;48;28.2;30.8;541.6;91.7;3000
10:40:30;732;33;1195;730;327;67;70.3;14.4;1086.4;488.1;3000
10:43:00;737;45.2;1571;1127;137;98;30.9;22.1;2038;139.8;3000
10:45:30;771;52.2;1779;1100;362;144;53.3;21.2;2717.9;251.4;3000
10:48:00;795;38.5;1731;1107;298;131;47.8;21;1478.3;227.5;3000
10:50:30;793;34.9;627;302;103;114;31.7;35.1;1214.8;90.4;3000
10:53:00;805;26.5;674;269;93;118;23;29.1;700.4;78.8;3000
10:55:30;803;28.7;609;172;49;195;11.2;44.6;821.5;25.1;3000
10:58:00;799;27;691;153;151;157;28.1;29.2;727.1;96.2;3000
11:00:30;797;22.8;331;66;61;108;23;40.8;518.5;56.5;3000
11:03:00;804;24.5;470;182;96;100;33.3;34.7;598.6;96;3000
11:05:30;810;30.1;702;435;143;74;53.6;27.7;903.6;193.2;3000
11:08:00;817;30.7;843;518;87;121;26.8;37.2;939.9;71.9;3000
11:10:30;827;23.3;498;267;92;74;39.8;32;541.4;124.3;3000
11:13:00;822;21;280;71;52;83;24.9;39.7;439.8;62.7;3000
11:15:30;818;21.4;380;103;100;79;36.1;28.5;456.7;126.6;3000
11:18:00;825;25.6;596;157;100;196;22.8;44.6;653.6;51;3000
11:20:30;801;43.2;1223;793;66;214;15.3;49.8;1861.3;30.8;3000
11:23:00;802;43.6;1788;1443;145;81;42;23.5;1895.9;179;3000
11:25:30;829;25.6;413;173;66;74;27.5;30.8;653.6;89.2;3000
11:28:00;823;26.4;660;276;146;122;38;31.8;695.1;119.7;3000
11:30:30;832;34.9;864;450;177;144;42.8;34.8;1214.7;122.9;3000
11:33:00;854;34.4;956;479;155;191;32.5;40;1180;81.2;3000
11:35:30;866;31.2;931;579;92;140;26.1;39.8;970.7;65.7;3000
11:38:00;862;34.2;705;464;102;72;42.3;29.9;1166.3;141.7;3000
11:40:30;797;78.2;2152;1721;148;124;34.3;28.8;6099.1;119.4;3000
11:43:00;766;62.5;3512;3180;90;90;27.1;27.1;3896.4;100;3000
11:45:30;807;47.7;1004;691;242;49;77.3;15.7;2269.2;493.9;3000
11:48:00;839;38.2;1181;839;211;69;61.7;20.2;1455.2;305.8;3000
11:50:30;835;33.9;853;419;271;82;62.4;18.9;1146;330.5;3000
11:53:00;824;24.5;427;164;93;87;35.4;33.1;598.6;106.9;3000
11:55:30;802;30.8;756;353;323;53;80.1;13.2;946.1;609.4;3000
11:58:00;767;28.1;430;216;162;32;75.7;15;787.6;506.3;3000
12:00:30;736;24.5;506;246;194;36;74.6;13.8;598.8;538.9;3000
12:03:00;732;22.4;480;243;143;47;60.3;19.8;500.5;304.3;3000
12:05:30;735;23.8;512;171;169;64;49.6;18.8;565.1;264.1;3000
12:08:00;729;27;606;152;236;98;52;21.6;727.2;240.8;3000
12:10:30;724;28.3;741;240;159;183;31.7;36.5;799;86.9;3000
12:13:00;707;28.1;703;183;167;157;32.1;30.2;787.8;106.4;3000
12:15:30;669;41.9;961;421;145;111;26.9;20.6;1751.7;130.6;3000
12:18:00;663;40.7;2115;1794;98;85;30.5;26.5;1652.8;115.3;3000
12:20:30;687;33.2;764;414;57;117;16.3;33.4;1099.7;48.7;3000
12:23:00;687;28.4;677;410;83;76;31.1;28.5;804.7;109.2;3000
12:25:30;689;26.3;579;290;101;70;34.9;24.2;690.1;144.3;3000
12:28:00;709;29.3;513;389;60;39;48.4;31.5;856.5;153.8;3000
12:30:30;733;27.5;773;495;102;74;36.7;26.6;754.4;137.8;3000
12:33:00;757;47.6;943;632;138;90;44.4;28.9;2260;153.3;3000
12:35:30;818;66.3;4584;4136;209;141;46.7;31.5;4383.8;148.2;3000
12:38:00;868;30.7;835;420;186;136;44.8;32.8;939.8;136.8;3000
12:40:30;878;30.4;911;551;165;112;45.8;31.1;921.5;147.3;3000
12:43:00;875;28.7;747;442;153;114;50.2;37.4;821.3;134.2;3000
12:45:30;875;31.2;1202;693;352;114;69.2;22.4;970.6;308.8;3000
12:48:00;883;32;939;439;277;126;55.4;25.2;1021;219.8;3000
12:50:30;891;26.3;554;322;65;127;28;54.7;689.6;51.2;3000
12:53:00;893;27.9;755;307;277;116;61.8;25.9;776.1;238.8;3000
12:55:30;898;27.4;704;347;157;138;44;38.7;748.5;113.8;3000
12:58:00;896;28;609;182;217;115;50.8;26.9;781.7;188.7;3000
13:00:30;889;27.5;628;337;130;96;44.7;33;754;135.4;3000
13:03:00;892;22;555;378;85;70;48;39.5;482.6;121.4;3000
13:05:30;889;19.3;260;103;46;88;29.3;56.1;371.4;52.3;3000
13:08:00;882;20.9;359;141;51;142;23.4;65.1;435.5;35.9;3000
13:10:30;874;28.8;465;232;73;130;31.3;55.8;827.1;56.2;3000
13:13:00;859;31.5;1486;1102;197;145;51.3;37.8;989.4;135.9;3000
13:15:30;862;23.4;387;225;49;91;30.2;56.2;546;53.8;3000
13:18:00;878;19.9;270;119;52;80;34.4;53;394.9;65;3000
13:20:30;887;16.2;213;45;57;86;33.9;51.2;261.7;66.3;3000
13:23:00;889;16.2;205;59;35;80;24;54.8;261.7;43.8;3000
13:25:30;889;16.7;213;78;38;79;28.1;58.5;278.1;48.1;3000
13:28:00;887;17.4;290;160;32;80;24.6;61.5;301.9;40;3000
13:30:30;886;16.7;221;52;59;80;34.9;47.3;278.1;73.8;3000
13:33:00;886;18.4;282;101;47;107;26;59.1;337.6;43.9;3000
13:35:30;884;21;627;425;90;92;44.6;45.5;439.7;97.8;3000
13:38:00;883;19;338;176;60;85;37;52.5;359.9;70.6;3000
13:40:30;884;17.1;260;102;41;94;25.9;59.5;291.6;43.6;3000
13:43:00;888;16;240;72;54;94;32.1;56;255.2;57.4;3000
13:45:30;889;15.7;166;28;29;91;21;65.9;245.8;31.9;3000
13:48:00;870;26.3;825;615;95;97;45.2;46.2;689.7;97.9;3000
13:50:30;858;22.7;372;189;48;113;26.2;61.7;513.8;42.5;3000
13:53:00;785;87.3;4244;3919;122;121;37.5;37.2;7601.5;100.8;3000
13:55:30;703;58.2;3403;3090;122;80;39;25.6;3379.3;152.5;3000
13:58:00;704;45.4;867;499;96;80;26.1;21.7;2056.4;120;3000
14:00:30;725;37.3;1182;890;148;82;50.7;28.1;1388;180.5;3000
14:03:00;742;45;1358;936;119;125;28.2;29.6;2020;95.2;3000
14:05:30;796;59.2;2149;1842;104;101;33.9;32.9;3495.4;103;3000
14:08:00;852;25.6;509;179;185;92;56.1;27.9;653.5;201.1;3000
14:10:30;809;59.3;4497;4294;107;60;52.7;29.6;3507.1;178.3;3000
14:13:00;775;19.3;215;108;45;38;42.1;35.5;371.5;118.4;3000
14:15:30;776;13.4;137;73;35;20;54.7;31.3;179.1;175;3000
14:18:00;757;28.5;752;489;117;73;44.5;27.8;810.2;160.3;3000
14:20:30;739;28.7;625;271;135;91;38.1;25.7;821.7;148.4;3000
14:23:00;723;31.3;594;233;119;83;33;23;977.3;143.4;3000
14:25:30;705;33.5;682;437;70;77;28.6;31.4;1119.6;90.9;3000
14:28:00;718;42.2;2009;1623;86;95;22.3;24.6;1776.6;90.5;3000
14:30:30;745;32.8;496;194;70;82;23.2;27.2;1073.2;85.4;3000
14:33:00;750;23;476;338;68;28;49.3;20.3;527.7;242.9;3000
14:35:30;755;21;333;212;64;35;52.9;28.9;439.9;182.9;3000
14:38:00;768;17.2;195;113;27;26;32.9;31.7;295.1;103.8;3000
14:40:30;776;20.6;391;253;50;41;36.2;29.7;423.3;122;3000
14:43:00;779;22.5;448;132;56;144;17.7;45.6;504.9;38.9;3000
14:45:30;776;21.1;401;201;64;70;32;35;444.1;91.4;3000
14:48:00;760;26.7;466;325;112;16;79.4;11.3;711.1;700;3000
14:50:30;752;26;888;716;48;37;27.9;21.5;674.3;129.7;3000
14:53:00;748;30;462;398;39;12;60.9;18.8;897.8;325;3000
14:55:30;700;48.7;1348;1142;58;50;28.2;24.3;2366.2;116;3000
14:58:00;681;31.9;1043;583;96;125;20.9;27.2;1015.3;76.8;3000
15:00:30;700;27.5;569;181;102;93;26.3;24;754.5;109.7;3000
15:03:00;715;30;859;554;102;80;33.4;26.2;897.9;127.5;3000
15:05:30;745;29.2;732;402;170;64;51.5;19.4;850.5;265.6;3000
15:08:00;759;27.5;564;264;61;93;20.3;31;754.3;65.6;3000
15:10:30;760;27.6;681;341;58;115;17.1;33.8;759.8;50.4;3000
15:13:00;757;24.5;667;241;26;226;6.1;53.1;598.7;11.5;3000
15:15:30;746;24.6;279;182;32;31;33;32;603.7;103.2;3000
15:18:00;736;25.7;681;411;146;59;54.1;21.9;658.9;247.5;3000
15:20:30;746;30.4;547;340;115;43;55.6;20.8;921.9;267.4;3000
15:23:00;760;26.6;738;364;124;107;33.2;28.6;705.8;115.9;3000
15:25:30;751;25.4;420;157;96;67;36.5;25.5;643.6;143.3;3000
15:28:00;748;20.9;501;327;106;52;60.9;29.9;435.7;203.8;3000
15:30:30;749;21.6;397;148;125;54;50.2;21.7;465.4;231.5;3000
15:33:00;755;28;554;160;116;135;29.4;34.3;782;85.9;3000
15:35:30;768;31.7;969;581;179;120;46.1;30.9;1002.3;149.2;3000
15:38:00;752;38.1;855;394;246;84;53.4;18.2;1448;292.9;3000
15:40:30;751;33.6;1174;826;120;100;34.5;28.7;1126.2;120;3000
15:43:00;771;20;371;93;142;70;51.1;25.2;399;202.9;3000
15:45:30;761;20;237;117;77;26;64.2;21.7;399;296.2;3000
15:48:00;747;21.6;437;264;100;36;57.8;20.8;465.4;277.8;3000
15:50:30;751;29.5;537;262;106;56;38.5;20.4;868.1;189.3;3000
15:53:00;775;29.6;663;286;92;142;24.4;37.7;873.9;64.8;3000
15:55:30;791;22;459;90;110;147;29.8;39.8;482.7;74.8;3000
15:58:00;799;21.2;276;92;69;72;37.5;39.1;448.3;95.8;3000
16:00:30;811;24.2;543;320;113;74;50.7;33.2;584.1;152.7;3000
16:03:00;809;27.1;606;420;89;61;47.8;32.8;732.4;145.9;3000
16:05:30;797;24.9;590;117;208;172;44;36.4;618.4;120.9;3000
16:08:00;803;27.6;720;245;160;153;33.7;32.2;759.7;104.6;3000
16:10:30;804;39.2;886;465;123;151;29.2;35.9;1532.5;81.5;3000
16:13:00;769;46.3;1369;950;200;96;47.7;22.9;2138.2;208.3;3000
16:15:30;734;32.4;827;496;91;106;27.5;32;1047.2;85.8;3000
16:18:00;744;35.8;1578;1118;100;150;21.7;32.6;1278.5;66.7;3000
16:20:30;767;32.3;938;379;283;136;50.6;24.3;1040.6;208.1;3000
16:23:00;773;32;701;245;180;152;39.5;33.3;1021.4;118.4;3000
16:25:30;771;24.7;627;466;92;40;57.1;24.8;608.5;230;3000
16:28:00;760;23.5;416;287;81;22;62.8;17.1;550.9;368.2;3000
16:30:30;738;28.7;595;242;77;108;21.8;30.6;821.7;71.3;3000
16:33:00;726;26.2;642;182;119;98;25.9;21.3;684.8;121.4;3000
16:35:30;735;25;495;176;71;103;22.3;32.3;623.5;68.9;3000
16:38:00;754;27.1;446;201;84;59;34.3;24.1;732.6;142.4;3000
16:40:30;774;29.1;869;524;97;102;28.1;29.6;844.6;95.1;3000
16:43:00;795;33.1;672;351;98;123;30.5;38.3;1092.7;79.7;3000
16:45:30;807;26.5;727;348;216;101;57;26.6;700.4;213.9;3000
16:48:00;804;23.5;432;143;52;134;18;46.4;550.8;38.8;3000
16:50:30;809;23.9;563;302;29;116;11.1;44.4;569.7;25;3000
16:53:00;809;24.8;667;352;180;84;57.1;26.7;613.4;214.3;3000
16:55:30;801;18.1;242;52;121;34;63.7;17.9;326.7;355.9;3000
16:58:00;799;15.3;232;142;54;20;60;22.2;233.5;270;3000
17:00:30;799;20.5;234;98;60;36;44.1;26.5;419.1;166.7;3000
17:03:00;746;57.1;2149;1755;79;130;20.1;33;3252.4;60.8;3000
17:05:30;728;56.9;3674;3207;235;82;50.3;17.6;3229.8;286.6;3000
17:08:00;752;49.3;2129;1770;121;81;33.7;22.6;2424.4;149.4;3000
17:10:30;720;50.1;1483;1125;79;105;22.1;29.3;2504;75.2;3000
17:13:00;711;46;2458;2182;55;67;19.9;24.3;2111;82.1;3000
17:15:30;712;36.4;1299;929;88;95;23.8;25.7;1321.8;92.6;3000
17:18:00;722;43.9;1011;574;90;111;20.6;25.4;1922.6;81.1;3000
17:20:30;761;39.3;1054;621;180;117;41.6;27;1540.6;153.8;3000
17:23:00;767;35.1;1099;558;147;222;27.2;41;1228.9;66.2;3000
17:25:30;770;32.7;1009;640;149;111;40.4;30.1;1066.6;134.2;3000
17:28:00;782;33.1;1331;964;219;79;59.7;21.5;1092.8;277.2;3000
17:30:30;820;52.4;1364;1013;141;133;40.2;37.9;2738.3;106;3000
17:33:00;860;30.7;582;170;91;175;22.1;42.5;939.8;52;3000
17:35:30;827;42.9;1758;1289;254;129;54.2;27.5;1835.4;196.9;3000
17:38:00;790;22.9;488;184;195;77;64.1;25.3;523;253.2;3000
17:40:30;807;41.6;1246;953;154;99;52.6;33.8;1725.9;155.6;3000
17:43:00;846;39.7;751;452;129;100;43.1;33.4;1571.7;129;3000
17:45:30;822;55.1;2216;2028;75;65;39.9;34.6;3027.7;115.4;3000
17:48:00;778;42.3;1018;778;80;62;33.3;25.8;1784.7;129;3000
17:50:30;764;31.2;916;549;108;109;29.4;29.7;971;99.1;3000
17:53:00;765;26.5;611;224;128;119;33.1;30.7;700.5;107.6;3000
17:55:30;772;25.8;608;241;107;103;29.2;28.1;663.9;103.9;3000
17:58:00;759;26.7;474;218;91;68;35.5;26.6;711.1;133.8;3000
18:00:30;754;27.2;833;377;163;104;35.7;22.8;738;156.7;3000
18:03:00;757;29.2;701;339;140;87;38.7;24;850.5;160.9;3000
18:05:30;753;23.4;435;237;71;54;35.9;27.3;546.2;131.5;3000
18:08:00;741;25.4;575;328;79;64;32;25.9;643.6;123.4;3000
18:10:30;737;32;925;605;105;72;32.8;22.5;1021.5;145.8;3000
18:13:00;748;33.7;1159;720;198;93;45.1;21.2;1132.9;212.9;3000
18:15:30;758;34.8;952;418;269;100;50.4;18.7;1208;269;3000
18:18:00;751;31.3;1112;851;99;78;37.9;29.9;977.3;126.9;3000
18:20:30;748;22.3;390;157;96;66;41.2;28.3;496.1;145.5;3000
18:23:00;756;25.4;527;308;136;38;62.1;17.4;643.5;357.9;3000
18:25:30;780;35.9;1412;956;284;95;62.3;20.8;1285.5;298.9;3000
18:28:00;791;25.5;641;331;169;77;54.5;24.8;648.5;219.5;3000
18:30:30;780;23;390;228;89;49;54.9;30.2;527.6;181.6;3000
18:33:00;788;23;416;216;142;42;71;21;527.6;338.1;3000
18:35:30;800;23;380;212;103;46;61.3;27.4;527.6;223.9;3000
18:38:00;817;26.5;529;266;187;50;71.1;19;700.3;374;3000
18:40:30;814;32.4;1102;917;92;34;49.7;18.4;1046.9;270.6;3000
18:43:00;798;26.5;476;271;115;51;56.1;24.9;700.4;225.5;3000
18:45:30;816;24.9;493;395;53;30;54.1;30.6;618.3;176.7;3000
18:48:00;835;15.6;243;172;42;15;59.2;21.1;242.7;280;3000
18:50:30;838;16.8;390;324;39;16;59.1;24.2;281.5;243.8;3000
18:53:00;835;20.9;397;221;86;52;48.9;29.5;435.6;165.4;3000
18:55:30;817;35.9;534;263;148;82;54.6;30.3;1285.3;180.5;3000
18:58:00;765;55;2345;2138;68;47;32.9;22.7;3017.3;144.7;3000
19:00:30;735;31.8;976;521;169;123;37.1;27;1008.8;137.4;3000
19:03:00;739;30.4;738;353;185;82;48.1;21.3;921.9;225.6;3000
19:05:30;731;24.9;620;232;147;87;37.9;22.4;618.5;169;3000
19:08:00;741;24;565;225;104;105;30.6;30.9;574.6;99;3000
19:10:30;771;34.5;1116;851;121;72;45.7;27.2;1187.2;168.1;3000
19:13:00;786;31.3;754;414;196;42;57.6;12.4;977.1;466.7;3000
19:15:30;773;30.5;648;201;162;97;36.2;21.7;927.9;167;3000
19:18:00;776;27.7;791;443;74;123;21.3;35.3;765.3;60.2;3000
19:20:30;761;33.9;837;609;77;58;33.8;25.4;1146.3;132.8;3000
19:23:00;788;61.2;3229;2897;142;69;42.8;20.8;3735.7;205.8;3000
19:41:27;709;17.5;73;0;27;38;37;52.1;296.4;71.1;187
19:41:46;726;24.5;283;141;36;67;25.4;47.2;589.5;53.7;375
19:42:23;725;24.3;613;314;104;97;34.8;32.4;585;107.2;750
19:43:38;720;24.1;541;290;123;66;49;26.3;578.1;186.4;1500
19:46:09;727;23.9;523;287;147;37;62.3;15.7;569.8;397.3;3000
19:48:39;739;25.6;543;387;99;29;63.5;18.6;653.8;341.4;3000
19:51:09;749;25.2;565;334;141;36;61;15.6;633.5;391.7;3000
19:53:39;773;38.7;814;634;70;44;38.9;24.4;1493.8;159.1;3000
19:56:09;810;42.6;978;593;33;158;8.6;41;1809.9;20.9;3000
19:58:39;841;32.4;604;263;65;98;19.1;28.7;1046.8;66.3;3000
20:01:09;859;36.2;1383;887;143;193;28.8;38.9;1306.7;74.1;3000
20:03:39;858;35.9;992;620;97;148;26.1;39.8;1285.1;65.5;3000
20:06:09;851;30.6;801;446;162;96;45.6;27;933.7;168.8;3000
20:08:39;867;29.1;632;298;91;143;27.2;42.8;844.4;63.6;3000
20:11:09;877;22.6;416;153;79;100;30;38;509.3;79;3000
20:13:39;871;23.1;433;211;50;100;22.5;45;532.1;50;3000
20:16:09;877;26.1;541;333;53;93;25.5;44.7;679.2;57;3000
20:18:39;877;24;452;202;124;90;49.6;36;574.3;137.8;3000
20:21:09;869;21.6;404;164;118;83;49.2;34.6;465.2;142.2;3000
20:23:39;868;29.7;1136;605;274;166;51.6;31.3;879.6;165.1;3000
20:26:09;877;32.9;608;274;76;136;22.8;40.7;1079.3;55.9;3000
20:28:39;876;28.9;502;162;134;103;39.4;30.3;832.8;130.1;3000
20:31:09;875;25.7;1019;707;118;123;37.8;39.4;658.6;95.9;3000
20:33:39;888;23.3;396;230;82;45;49.4;27.1;541.3;182.2;3000
20:36:09;907;27.5;490;171;109;94;34.2;29.5;754;116;3000
20:38:39;908;41.5;868;519;137;113;39.3;32.4;1717.1;121.2;3000
20:41:09;886;48.3;2802;2294;325;116;64;22.8;2326;280.2;3000
20:43:39;906;43.7;808;410;109;201;27.4;50.5;1904;54.2;3000
20:46:09;935;25.3;616;182;84;217;19.4;50;638.1;38.7;3000
20:48:39;936;31.8;1091;635;248;147;54.4;32.2;1008.1;168.7;3000
20:51:09;884;70.1;2045;1617;126;201;29.4;47;4899.6;62.7;3000
20:53:39;864;55.3;2943;2361;327;132;56.2;22.7;3049.3;247.7;3000
20:56:09;909;33.9;774;408;143;126;39.1;34.4;1145.7;113.5;3000
20:58:39;933;34.1;606;248;123;154;34.4;43;1159.2;79.9;3000
21:01:09;937;32.3;1360;903;256;101;56;22.1;1040;253.5;3000
21:03:39;956;31.3;521;246;32;133;11.6;48.4;976.6;24.1;3000
21:06:09;978;20.4;320;73;38;125;15.4;50.6;414.8;30.4;3000
21:08:39;989;23.4;367;133;28;138;12;59;545.8;20.3;3000
21:11:09;970;53.9;3822;3348;194;169;40.9;35.7;2895.9;114.8;3000
21:13:39;963;51.1;1837;1186;496;90;76.2;13.8;2602.9;551.1;3000
21:16:09;1002;26.6;345;195;39;72;26;48;705.2;54.2;3000
21:18:39;1026;22;340;158;28;112;15.4;61.5;482.4;25;3000
21:21:08;1044;19.3;211;74;34;83;24.8;60.6;371.2;41;3000
21:23:38;1052;16.7;202;39;39;95;23.9;58.3;277.9;41.1;3000
21:26:08;1051;16.4;206;54;29;103;19.1;67.8;268;28.2;3000
21:28:38;1049;21.2;692;510;67;91;36.8;50;447.9;73.6;3000
21:31:08;1052;23.3;276;106;52;84;30.6;49.4;541;61.9;3000
21:33:38;1053;18.5;345;128;106;83;48.8;38.2;341.1;127.7;3000
21:36:08;1053;16.7;236;134;43;43;42.2;42.2;277.9;100;3000
21:38:38;1058;16.6;177;68;42;51;38.5;46.8;274.6;82.4;3000
21:41:08;1066;15;201;103;46;43;46.9;43.9;224.2;107;3000
21:43:38;1070;14.1;168;71;40;47;41.2;48.5;198.1;85.1;3000
21:46:09;1047;36.8;690;582;38;54;35.2;50;1349.5;70.4;3000
21:48:39;1013;36.3;809;611;105;56;53;28.3;1313.3;187.5;3000
21:51:09;1021;24.7;556;427;55;56;42.6;43.4;608;98.2;3000
21:53:38;1044;20.7;368;245;49;50;39.8;40.7;427;98;3000
21:56:08;1063;23.8;335;224;54;45;48.6;40.5;564.4;120;3000
21:58:38;1076;22.2;502;286;137;68;63.4;31.5;491.1;201.5;3000
22:01:08;1079;21.4;329;187;82;50;57.7;35.2;456.3;164;3000
22:03:38;1086;19.3;347;105;174;56;71.9;23.1;371.2;310.7;3000
22:06:08;1089;20.5;275;113;99;52;61.1;32.1;418.7;190.4;3000
22:08:38;1091;23.3;550;249;229;57;76.1;18.9;540.9;401.8;3000
22:11:08;1096;22.6;420;113;220;72;71.7;23.5;508.9;305.6;3000
22:13:38;1099;21.2;398;101;213;71;71.7;23.9;447.8;300;3000
22:16:08;1102;20.9;330;183;72;64;49;43.5;435.2;112.5;3000
22:18:38;1094;24.4;529;383;68;66;46.6;45.2;593.2;103;3000
22:21:09;1036;80.2;9477;8791;487;151;71;22;6409.9;322.5;3000
22:23:38;1060;36.5;1015;633;101;211;26.4;55.2;1327.6;47.9;3000
22:26:08;1058;32.6;1198;659;117;295;21.7;54.7;1059;39.7;3000
22:28:39;1034;29.8;434;221;68;109;31.9;51.2;885;62.4;3000
22:31:09;1032;31;500;326;58;70;33.3;40.2;957.7;82.9;3000
22:33:38;1053;31.2;867;674;105;68;54.4;35.2;970;154.4;3000
22:36:08;1068;29;676;468;82;101;39.4;48.6;838;81.2;3000
22:38:39;1056;45.4;893;502;168;149;43;38.1;2054;112.8;3000
22:41:09;1052;48.8;3006;2379;351;212;56;33.8;2373.1;165.6;3000
22:43:38;1082;40.4;846;459;111;222;28.7;57.4;1626.3;50;3000
22:46:08;1103;33.1;807;323;253;177;52.3;36.6;1091.6;142.9;3000
22:48:39;1064;95;2095;1607;222;226;45.5;46.3;8993.4;98.2;3000
22:51:09;934;123.4;13553;11604;465;842;23.9;43.2;15180.7;55.2;3000
22:53:39;937;94.4;5240;4744;340;100;68.5;20.2;8883.9;340;3000
22:56:09;1033;42.4;1042;575;266;135;57;28.9;1791.6;197;3000
22:58:39;1041;46.8;2305;1651;433;171;66.2;26.1;2182.7;253.2;3000
23:01:09;1049;45.9;1731;1278;257;138;56.7;30.5;2099.5;186.2;3000
23:03:38;1070;34.5;1104;733;181;139;48.8;37.5;1186;130.2;3000
23:06:08;1081;33.1;972;428;321;169;59;31.1;1091.7;189.9;3000
23:08:38;1090;32.4;854;312;314;166;57.9;30.6;1046;189.2;3000
23:11:08;1088;33.1;1021;568;232;145;51.2;32;1091.7;160;3000
23:13:38;1081;32.8;915;272;403;173;62.7;26.9;1072;232.9;3000
23:16:08;1085;30.2;684;103;338;194;58.2;33.4;908.8;174.2;3000
23:18:38;1080;30.9;735;308;197;165;46.1;38.6;951.4;119.4;3000
23:21:08;1072;42.5;1086;615;220;177;46.7;37.6;1799.9;124.3;3000
23:23:39;1003;73.8;5639;4515;906;148;80.6;13.2;5428.4;612.2;3000
23:26:09;987;46.7;1725;1385;143;112;42.1;32.9;2173.8;127.7;3000
23:28:39;1035;32;745;439;113;136;36.9;44.4;1020.5;83.1;3000
23:31:08;1066;33.7;893;635;114;108;44.2;41.9;1131.7;105.6;3000
23:33:38;1094;29.7;577;324;123;107;48.6;42.3;878.9;115;3000
23:36:08;1103;22;481;308;99;59;57.2;34.1;482.2;167.8;3000
23:38:38;1102;22.5;328;108;141;64;64.1;29.1;504.4;220.3;3000
23:41:08;1101;24.6;513;253;161;71;61.9;27.3;603;226.8;3000
23:43:38;1102;22.7;444;202;154;69;63.6;28.5;513.4;223.2;3000
23:46:08;1107;20.1;325;110;122;78;56.7;36.3;402.5;156.4;3000
23:48:38;1105;21.9;539;284;179;62;70.2;24.3;477.9;288.7;3000
23:51:08;1104;21.9;292;68;139;66;62.1;29.5;477.9;210.6;3000
23:53:38;1107;19.2;326;84;153;68;63.2;28.1;367.3;225;3000
23:56:08;1100;23.9;469;220;160;68;64.3;27.3;569.1;235.3;3000
23:58:39;1046;56.8;4218;3767;346;74;76.7;16.4;3215.1;467.6;3000
